timestamps = struct();
timestamps.Mouse_A.Day1 = [0 3 0 12; 1 39 1 49; 2 14 2 38; 4 13 5 28; 6 39 7 18; 9 4 9 13; 10 4 10 24; 10 31 11 29; 13 27 13 44; 15 3 16 5; 16 55 17 51];
timestamps.Mouse_A.Day2 = [0 31 0 38; 0 49 1 10; 2 14 2 49; 2 58 3 56; 5 1 5 18; 5 36 6 10; 6 31 7 57; 8 26 8 47; 9 47 10 2; 11 47 12 48; 13 3 13 29; 15 5 16 19];
timestamps.Mouse_A.Day3 = [0 38 1 11; 2 25 2 33; 3 11 3 18; 4 37 4 28; 6 37 6 44; 8 3 8 21; 8 25 8 40; 11 54 12 1; 12 5 12 12; 13 12 13 23; 14 5 14 14; 14 29 15 25; 16 0 16 44; 19 26 19 54];
timestamps.Mouse_A.Day4 = [1 27 1 54; 2 11 2 26; 2 59 3 41; 3 55 4 28; 5 2 5 34; 7 6 7 29; 8 31 9 27; 11 9 11 20; 12 47 12 58; 13 28 13 57; 14 22 14 46; 14 57 15 8; 15 41 16 17; 16 30 16 48; 16 57 17 34];
timestamps.Mouse_A.Day5 = [2 20 2 47; 3 23 3 51; 7 14 7 26; 9 5 10 8; 11 17 11 57; 12 15 12 49; 16 9 17 7; 18 41 19 4; 19 27 19 40];
timestamps.Mouse_A.Day6 = [1 53 2 22; 3 14 3 51; 4 45 5 14; 5 35 6 2; 8 6 8 26; 8 58 9 32; 10 51 11 15; 12 4 12 26; 14 16 15 1; 16 4 16 17; 17 5 17 24; 17 54 19 7];
timestamps.Mouse_A.Day7 = [0 11 0 22; 1 8 1 23; 1 32 1 49; 3 29 4 3; 5 14 5 38; 6 6 6 30; 6 51 7 17; 8 36 9 18; 10 20 10 56; 11 53 12 40; 12 57 13 19; 14 42 15 31; 17 27 17 48; 17 50 18 17; 18 21 18 55];

timestamps.Mouse_D.Day1 = [0 22 1 4; 1 11 1 56; 2 15 2 55; 3 5 3 21; 3 23 3 35; 3 43 3 58; 4 25 4 56; 5 0 5 11; 5 25 5 39; 6 57 7 10; 7 40 8 4; 9 13 9 48; 9 51 10 17; 11 48 12 29];
timestamps.Mouse_D.Day2 = [0 5 1 15; 1 22 1 43; 1 50 2 23; 2 32 3 17; 3 19 3 43; 3 51 4 19; 4 29 4 57; 5 0 5 23; 5 39 6 6; 6 18 6 26; 6 45 6 59; 12 32 12 37; 15 29 17 41; 18 0 18 40; 18 44 18 59; 19 6 19 15; 19 21 19 48];
timestamps.Mouse_D.Day3 = [0 0 1 30; 1 37 1 56; 2 2 2 22; 2 29 2 45; 2 53 3 8; 3 39 3 44; 4 45 6 43; 6 51 7 13; 7 55 8 12; 8 23 8 32; 8 37 9 30; 9 46 10 21; 10 29 11 10; 11 51 12 5; 13 26 13 42; 14 3 14 10; 14 38 15 30; 16 32 16 40; 17 3 17 32; 18 38 19 0];
timestamps.Mouse_D.Day4 = [0 6 0 17; 2 52 3 14; 3 58 4 9; 4 16 4 30; 4 46 4 58; 5 8 5 18; 5 48 7 6; 7 58 8 51; 11 6 11 17; 11 38 11 51; 13 51 14 1; 14 16 14 37; 14 47 15 1; 15 9 15 34; 16 48 17 1; 17 16 17 50; 19 13 19 33];
timestamps.Mouse_D.Day5 = [0 5 0 12; 0 19 0 26; 0 29 1 28; 1 44 2 24; 2 30 2 41; 2 51 3 20; 3 37 4 22; 4 25 4 42; 6 47 6 54; 10 44 11 6; 11 37 12 14; 15 43 16 27; 17 30 17 52; 19 14 19 34; 19 42 19 56];
timestamps.Mouse_D.Day6 = [0 14 0 40; 0 46 1 10; 1 12 1 22; 1 27 1 42; 2 38 2 56; 2 59 3 21; 3 44 3 53; 3 59 4 12; 6 18 6 32; 6 35 6 49; 6 54 7 25; 7 36 8 6; 9 54 10 7; 10 36 10 54; 15 20 15 30; 17 1 17 23; 17 29 17 56; 18 10 18 34];
timestamps.Mouse_D.Day7 = [0 2 0 17; 1 35 2 8; 3 12 3 23; 3 56 4 22; 5 28 5 40; 6 58 7 18; 8 41 8 57; 10 14 10 29; 10 31 10 54; 11 29 11 46; 12 32 13 23; 13 26 13 47; 14 4 14 24; 15 10 15 25; 15 44 16 32; 16 51 17 0; 17 35 18 39];

timestamps.Mouse_F.Day1 = [0 3 0 9; 0 11 0 27; 0 58 1 3; 1 10 1 15; 1 36 1 57; 2 6 2 40; 3 30 3 54; 4 29 4 36; 4 40 5 10; 5 15 5 44; 7 15 7 28; 7 42 8 50; 10 29 11 18; 12 36 13 26; 13 33 13 58; 15 51 16 40; 17 41 18 48; 19 10 19 35];
timestamps.Mouse_F.Day2 = [0 11 0 48; 1 4 1 22; 1 40 3 32; 5 10 5 38; 5 51 6 10; 7 37 8 20; 8 40 9 50; 10 9 10 47; 12 59 13 9; 13 56 14 9; 14 49 15 24; 15 41 16 52; 16 59 17 10; 17 23 17 44; 18 20 18 29];
timestamps.Mouse_F.Day3 = [0 23 0 36; 1 0 1 6; 1 12 1 20; 1 23 2 1; 2 38 3 7; 3 37 3 57; 5 20 5 25; 5 28 5 37; 6 20 7 4; 7 13 7 35; 7 43 7 50; 8 0 8 9; 8 14 8 51; 9 5 9 39; 9 56 10 19; 10 26 10 36; 14 46 14 56; 15 38 15 45; 17 7 17 13; 17 16 17 52];
timestamps.Mouse_F.Day4 = [0 11 0 38; 1 11 1 34; 1 36 1 41; 1 51 2 0; 2 3 2 37; 3 12 3 34; 3 41 4 1; 4 4 4 20; 4 51 5 49; 6 35 6 48; 7 7 7 35; 7 38 8 26; 8 47 10 34; 11 47 12 40; 13 35 13 44; 15 12 15 33; 15 57 16 5; 16 9 16 15];
timestamps.Mouse_F.Day5 = [0 8 0 16; 1 37 1 49; 5 54 6 19; 6 34 6 51; 10 7 10 35; 15 14 15 47; 16 55 17 15];
timestamps.Mouse_F.Day6 = [2 34 2 47; 3 7 3 33; 8 21 8 58; 10 36 11 18; 18 20 18 32];
timestamps.Mouse_F.Day7 = [0 11 0 50; 1 32 1 46; 3 1 3 31; 5 11 5 17; 6 40 7 1; 7 18 7 36; 13 33 13 53; 16 35 16 55; 17 46 18 6];






timestamps.Mouse_G.Day1 = [0 8 0 52; 1 15 1 44; 2 32 3 28; 4 13 4 34; 5 36 6 28; 7 11 7 19; 7 29 8 0; 9 14 9 49; 10 36 10 42; 11 43 11 57; 12 19 12 49; 11 43 11 57; 12 19 12 49; 13 33 14 53; 15 22 15 30; 15 34 16 34; 16 59 17 13; 17 22 17 40; 19 25 19 50];
timestamps.Mouse_G.Day4 = [0 13 0 41; 0 50 1 19; 1 40 3 7; 4 20 4 59; 5 35 5 51; 7 48 8 36; 9 47 10 21; 11 13 11 56; 12 38 12 51; 13 31 13 37; 13 49 13 58; 15 55 16 5; 17 41 17 53; 17 59 18 52];
timestamps.Mouse_G.Day7 = [0 6 0 19; 0 32 0 44; 0 48 0 55; 1 1 1 15; 1 22 2 3; 2 21 2 32; 2 58 3 9; 3 12 3 41; 4 40 4 45; 4 50 5 17; 5 26 5 41; 6 10 6 43; 6 49 6 54; 8 10 8 40; 8 45 9 24; 11 18 11 25; 12 11 12 17; 17 27 18 11; 18 26 19 11];




 






 





